1.151370854445238345e+00 -4.287471969632172808e-01
-1.482828714062080389e+00 -2.606246053472233815e+00
1.572457854908542396e+00 -1.262702186331013365e+01
9.088719321997459355e-01 1.137906515151802633e+00
2.353526267795809090e+00 -3.892582489950522362e+00
1.189193499221904204e+00 -2.710729882380382261e+00
1.284466957866481351e+00 4.482296727810619608e+00
1.172275529676658712e+00 -3.327124787902974168e-02
-1.312231574653907940e+00 -5.757621886431522285e+00
1.848561951185054175e+00 -4.570946566552509971e+00
2.518330140461592315e+00 -8.322371271367952517e+00
-7.625004508128869762e-01 -5.420840646818193775e+00
-1.133234662185546027e+00 4.992452698663808697e+00
1.043344249576734439e+00 -7.917812514171334470e+00
9.280537520557026188e-01 -6.749897391148357073e+00
1.372659959965142562e+00 1.583554218902289978e+00
-2.410662909469009740e+00 6.280775271296416662e+00
5.800778547010397856e-01 3.770680231352508738e+00
3.977538177406326092e+00 -1.072896425078880611e+01
5.377414099478006193e-03 6.300677065278594391e+00
-1.316067241924995024e+00 4.225574877499800763e+00
-2.408829274128646780e+00 -5.238078418217929411e+00
1.951125413350733862e+00 -4.740771223782196842e+00
3.262814574121110311e+00 -8.747201030826820656e+00
2.315261688523330696e-01 1.257978097804508089e+00
-1.276793042311911819e+00 1.595834290636675812e+00
-1.443472595216602539e+00 5.970512168232620986e+00
1.982450177258546553e+00 1.658549357132840463e+00
-1.881306951458722843e+00 4.483752503464252470e+00
-1.494793211032052760e-02 -4.114152153667061995e+00
-1.166804547872277276e+00 7.185407604353003741e+00
8.840650642887526445e-03 -5.751273576103224983e+00
-1.298863962118301796e+00 6.162659067709067351e+00
2.423588281812922018e-01 -3.049038443662717146e-01
2.989237390127667204e+00 -4.195259307679938487e+00
-7.449421477415962833e-02 3.837837327076115912e+00
3.750220785380065092e+00 -1.290254539562394420e+01
6.670028741184421683e-01 -2.865598909347871981e+00
1.843327755534881263e+00 2.980599891794087242e+00
2.941232321033473429e-01 -3.412806396448109680e+00
1.310448051161178906e+00 -7.803515982680265139e+00
-1.411322935594180317e+00 -2.918868053443008037e+00
1.033678089378943232e-01 6.016121904679573085e+00
-2.144632971655790143e+00 1.532841010858917485e+01
-1.825713313683767547e+00 3.389643812798829092e+00
-2.422544086433136457e+00 1.055599408833707820e+01
1.026857648854313299e+00 -2.893862830464390079e+00
-1.115179872086051960e+00 6.522144552817761287e-01
3.883331852518888683e-01 -3.907832295396621802e+00
8.741729464975216413e-01 -8.544461282187294060e+00
5.441716945321475318e-01 -1.617137074153679910e+00
1.703825316877429774e-01 4.160444077633990823e+00
-1.182507953966771552e+00 -7.986974654907540438e-01
1.520268858096295084e+00 -3.083387301229569388e+00
4.097633025813602892e-01 -6.535587501087920803e-02
-4.103815978675600995e+00 1.781128268196845355e+01
8.418629091131195619e-01 -3.058210457516702174e+00
8.625719670734161015e-02 9.747250781885939963e-01
-1.616955228274188805e+00 1.163430918936062497e+01
3.959023096587244162e-01 -3.832949345004626363e+00
-2.811438051195079835e-01 -4.977778697817636377e+00
-1.135165849418979800e+00 3.214899558291806514e+00
2.230118920022696294e+00 -8.862275387455420983e+00
1.583299888887227835e+00 -1.419922872663345936e+00
1.167762138833711161e-01 7.077946990988990272e-01
1.838955296052948274e+00 -5.433341634419876165e+00
-1.073704061978864477e+00 5.036190183952296451e+00
-3.395352098462133261e-01 6.417285610875853585e+00
-1.381122802181131148e-02 -5.405296575124817204e-01
5.903845263145408584e-01 1.087680626661504890e+00
2.687365672713326603e-02 -7.852185659579077992e+00
3.124315928134774323e-01 -1.729526332970128033e+00
8.762350014430342338e-01 2.399563316367729016e+00
1.457911147478998082e+00 -4.214751241452320940e+00
-1.877401349927598329e+00 1.783816459807494592e+00
9.447577349416171888e-01 3.003404523573442120e+00
7.137956345304340422e-01 -6.333598671584360851e+00
9.512828919743857581e-01 6.080162057587088498e-01
1.287789849738782966e+00 -1.651115060983845861e+00
-6.659851312270310686e-01 2.701614526275561978e+00
1.070855030971253896e+00 -2.067224537742740065e+00
-5.085324253365600677e-01 7.947068982615753896e+00
-1.469263528144711395e-01 -6.204998533425091223e-01
-8.866915283779202017e-01 1.049217063818375806e+01
1.570695573382307586e+00 2.719285179390772633e+00
1.631407914038750517e+00 -4.810752682435802896e+00
-7.137821416211564962e-01 9.183707554721328492e+00
4.949226643895626720e-01 -4.671403372608457616e+00
-7.513842630608755790e-01 -5.008463681868570161e-01
-1.505835025745954070e+00 1.065228919027894960e+01
6.872761231288518902e-01 -4.960225277590222248e+00
2.133912088161763254e+00 -9.903614825735564509e+00
7.706683917431700337e-02 -1.467764261075368459e+01
7.627840023630245714e-01 -8.302072724034497142e+00
-2.121852784197421904e-01 2.411194089337550750e+00
6.881546510736453737e-01 -1.640598826732748483e+00
1.170845125320157276e+00 4.325076765414693547e+00
-9.238579907577998407e-02 6.409810592402425122e-01
-9.672895932502623140e-02 -5.339174386268387806e+00
-1.961461650632257969e-01 -5.133888593818014989e+00
1.487369028566548623e-01 -6.821885075851803926e+00
-2.770445290007361727e+00 2.141726957075134052e+00
-6.329287543222057444e-01 -3.199840620116556789e+00
1.314035115724019764e+00 -5.628946121612337095e+00
-5.380386248756933998e-02 -1.973786375547764427e-01
1.646927772030032600e+00 -6.849464625517181382e+00
-1.803186785271179593e+00 8.950489619339586866e+00
-1.579983088624105636e-01 1.495158848843866517e+00
2.272981051661718155e+00 9.757553067508222266e-01
-1.827951420920998160e+00 5.792652943512129227e+00
-1.047379254140263338e+00 3.038968089656573390e+00
2.413191999211667937e+00 -1.247748343231985046e+01
1.261393282373792779e-01 6.381948215749194908e+00
2.653660358306892508e+00 -5.677283293835848177e+00
9.874341304831122379e-01 6.028686394709456664e+00
7.559812147731623799e-01 -5.651182887772383090e+00
8.970994420825553206e-01 -2.249946955735022236e+00
-1.514005200760357273e+00 1.141226329914092341e+00
-4.757808860692468444e-01 4.295024911341100982e+00
3.039212606644391412e-01 4.769377546362258968e+00
9.558146243493235161e-01 -4.488940107033120519e+00
1.432219126525663855e+00 -1.161166285372722662e+01
1.165131338255816384e+00 -3.326904683812192509e+00
1.438064630679641853e+00 -2.632992136001882422e+00
-2.335394646097820548e+00 1.188188175692797088e+01
-1.862210139489633154e-01 -1.326148524754355296e-01
3.817684920823582462e-01 -4.098909887837464794e+00
-1.479140484711229275e+00 2.002130782859603997e+00
1.386542927163690653e+00 -6.579768216572164929e-01
1.384985745171648519e-01 3.413304038517641192e+00
-1.203447482882010533e+00 8.549861244588482734e+00
-1.549349467047044016e+00 7.223722722968156873e+00
3.389576686183738419e-01 7.770173849490799034e-01
1.457504133402331092e+00 1.620427144097563277e+00
2.325939074155615460e-01 -1.111190074012545326e+00
-1.755567031644101883e-01 -6.525761036375964608e+00
-2.764920950321765880e-01 -2.679693418028424201e+00
1.297494316831786509e-01 -6.047637565866281761e+00
1.441101204788648449e+00 -4.178127255062477730e+00
-6.324612001243758996e-01 3.349810943711263089e+00
-1.192002996138218918e-01 1.730451479916462976e+00
1.240963219067021450e+00 -8.581345190087160901e+00
-5.355615895787026182e-02 4.765754227342445803e-01
-2.413113979458307412e+00 7.889755529179622862e+00
-2.217647498641569292e+00 1.761924586296684581e+01
8.636385760010587553e-01 -1.383354724357288568e+00
-9.293993016930547357e-01 9.787652870597806753e+00
1.612161694833976089e+00 -7.498213927200174211e+00
1.828425394117019431e+00 -9.074083508980464785e+00
-9.763073274904077170e-01 -2.851275123043687021e+00
-3.138833804564931551e+00 8.170908537275265004e+00
7.374624297216914037e-01 -5.297450095686682126e+00
-2.353152772040805196e-01 7.426831518318048886e-01
-4.726914616810670156e-01 7.364913501492313941e+00
1.380620039254867315e+00 -8.550293987814805874e+00
-9.507494042799189415e-01 5.735190922738145680e+00
4.901093233044592767e-01 2.282782705240210319e+00
9.236821379799602383e-01 -4.050006210564232489e+00
1.164128438934708187e+00 -1.200818444530257345e+01
-6.092347032516542971e-01 1.147372424719528716e+00
1.041327086394255447e-01 -6.648155685073886545e-01
-1.271944064253434092e-01 8.872636927733672962e+00
5.008259195412727571e-01 -1.277040583808640273e+00
2.237139565590425594e+00 -4.296401778604519883e+00
-1.571260520911502923e+00 4.908501443214251303e+00
6.824287447046190058e-01 -1.085556087541823533e+00
-8.535095965347603286e-01 -1.413776062589487958e+00
7.856418392804215278e-01 -4.116940571337504906e+00
-5.907250390063643053e-01 5.479216045005304014e-01
-4.929048971163541570e-01 1.246019057474324843e+00
-1.436292191029238108e+00 -4.820704639405073877e+00
-1.819092264769088363e+00 5.473583471397029498e+00
1.474737410110517066e+00 -1.237749721251500645e+01
-1.430522904197160661e-01 1.705326975468107742e+00
7.441050820437475899e-01 -2.839888618612369520e+00
-6.974159628382561316e-01 -2.372698531018772261e+00
8.299141738573846405e-01 1.284269761299608181e-01
-1.980412582636666974e+00 1.073436607332110526e+01
-9.119475760250418395e-01 1.607936451118701759e+00
-9.300598382140734532e-01 -2.893627746351007168e+00
-9.812174753596067944e-01 2.936782517182634056e+00
5.269989153607321786e-01 1.004914531843121572e-01
1.684492628790863478e+00 3.388314459249486266e-01
2.098856471576204363e+00 -8.683832098015242806e+00
1.150343942411838238e+00 7.077951663906680846e-01
1.829477561128255436e+00 -6.064628079167839303e+00
-6.117014934526350256e-01 -7.992898562151680153e+00
4.953404637390204091e-01 3.678382280252050940e+00
1.472425685041872878e+00 -1.187763537387535484e+00
9.226017632713592320e-01 -9.886509000308222994e+00
-7.585192193281796724e-01 5.700841910597493012e+00
-1.071542651170256155e+00 8.911080254190599348e+00
-5.130896839248514363e-01 8.979233721810206958e+00
1.858653343687245663e+00 -4.035316111421298757e-01
2.495612794681172364e-01 2.461843354764820635e+00
-1.388790336484348353e+00 7.380411110018254561e+00
1.427429150814381265e+00 -2.681860079718625389e+00
1.084456601969391087e+00 5.930909860276083467e-01
-1.025082055880702114e+00 5.173605490443794253e+00
2.492009948259438445e+00 -8.241332530064486406e+00
3.078409547116086609e-01 -5.400085375102532836e+00
6.531206995663505488e-01 -1.824494140556963240e+00
3.658785177392521959e+00 -5.512124239496243305e+00
1.734846256534873454e+00 -6.846296917301033957e+00
5.399775585083272933e-01 -3.874544507986896313e+00
3.572191061481244101e-01 2.995624495276809185e+00
-2.482376264754701523e-01 -1.838750226960256029e+00
1.150569123460186471e+00 -1.563343539557433992e+00
3.099802950954566594e+00 -9.942764142457667376e+00
9.561335206379348861e-01 -9.302770165146430514e+00
1.226023561723561750e+00 -8.995859143712799266e+00
-5.042885406675821081e-01 3.651642942944715031e+00
9.931348568552227363e-01 -2.973459865948063552e+00
1.466181972966670299e-01 4.065683948137873926e+00
-1.691618177422657299e+00 7.728751381599853865e+00
-1.136292564932788629e+00 1.570496821737486748e+01
-4.682988678537612914e-01 3.204934037464092000e+00
-9.620538753746774585e-01 6.016428869910035004e+00
-2.699239871708416505e-01 8.116509351147017881e+00
1.304571355818455292e+00 -9.861929865544219354e+00
5.645012202455336192e-01 -7.324505284845774788e-01
-3.212134264094300029e+00 1.093519120152533119e+01
4.826982898910133768e-01 1.439901799864190979e+00
-2.431359285311103680e+00 3.896592015461586733e+00
-1.445717085069592844e+00 6.869110132086271747e+00
8.401561623052833383e-01 -4.336855137924184866e+00
-2.520105592193050192e+00 9.967517478812181864e+00
-3.999555428906312327e-01 -1.234869031184794019e-01
1.114652444924086883e+00 -7.966805556177447123e+00
5.769024746888220534e-01 4.256776414997416325e+00
-5.000524686953943254e-01 4.733654690543998456e+00
-7.917927813946089577e-01 9.111311853445085873e+00
1.026768593068623225e+00 -3.045694278174916114e+00
8.876887516644109688e-01 2.712323656855478937e+00
-1.493273157346046709e+00 7.676443726438785475e+00
-9.441558384126379488e-01 1.078389785582384519e+00
1.107539033492578762e+00 -4.369764523602258421e+00
1.574388848430417820e+00 -4.022848924288165762e+00
-4.951217321142018513e-01 1.164768208151220996e+01
-2.703281626897260814e+00 6.942329807099278938e+00
-5.595449147851174754e-01 4.408052386945175982e+00
9.629176084865245233e-01 -1.210105729415103859e+00
-1.080821204145270720e+00 2.375642195802013301e+00
4.502940610582958358e-01 -4.123691420208665193e+00
4.061791968250436646e-01 2.633349718742900691e+00
-2.164026097562467554e-01 2.864596044327776259e-01
-1.027051320778935128e+00 -6.527730383395173419e+00
-2.264339110311617276e+00 7.573940082966686305e+00
1.597957935773349103e+00 -3.056791928141226578e+00
-1.321800305176731083e+00 3.527509954246634383e+00
-1.159045897187970520e-01 3.468326913671478107e-02
3.007352779276807553e+00 -1.143567600684448671e+01
-1.795951851715305470e+00 4.003027370668501561e+00
6.396988328878929764e-01 -3.357858907770316925e-02
4.593519797221301548e-01 -8.297924616593613800e-01
-1.356196727170747129e+00 3.307383526068403246e+00
-1.586896739747705176e-01 -4.510251945333886070e+00
4.362211186245832373e-01 -4.283767631780982299e+00
-1.562786493296106416e+00 6.569861671954907223e+00
-1.166650617228599085e+00 6.326462959098015482e+00
6.056044615756261962e-01 -7.297825906918829375e+00
2.256245986789922497e+00 -9.295514582161004569e+00
9.773042249653121072e-01 -7.588842054079306010e+00
4.694924333687702234e-01 3.348492671887594252e+00
2.711306661746697433e-01 -8.653622178026036948e+00
-1.484847072493543418e+00 8.878852788592645595e+00
6.807769244144898924e-01 -5.417341137237124293e+00
-1.340667412263368830e-01 1.762250735665680912e+00
-9.496145711363261910e-01 9.001697963476644304e+00
-1.649227610612656436e+00 1.338127935622598630e-01
-6.146517430322695486e-01 3.333950747143469950e+00
1.825542942923417955e-01 6.026727190299069337e-01
1.906063692446872349e+00 2.212337980233281265e-01
-9.344504326719887954e-01 7.572740839622995601e+00
-1.246733679351439417e+00 4.930202244429281677e+00
4.140789372961889980e-01 -2.121580122715577943e+00
7.495796912515826360e-01 -2.531057345733762176e+00
4.649913223397377227e-01 -1.828251846678954351e+00
2.626660969457502048e+00 -5.699818106925683914e+00
-1.259591953655095686e+00 -7.324950313118862022e-01
4.714535479133374896e-02 -1.699509595542783025e-01
5.961954234168953537e-01 -7.300362425879274753e+00
-4.118127282643575526e-01 -1.432803306039463376e+00
4.226952940507600065e-02 2.736632192546234243e+00
6.564947560763492174e-01 3.237097685984112072e+00
3.445989296316809281e-01 1.810010980231142597e+00
9.107090671701338902e-01 -3.564161278218606288e+00
-9.265029965924775901e-01 4.769950849049038766e+00
-3.067545648223735100e-01 -1.305605442294351448e+01
-1.834119747191788719e+00 4.725825285067069004e+00
-1.894953655602289733e-01 1.177346135493379409e+00
-2.395455927190869971e+00 1.092716813091059258e+01
-1.189053791024183404e+00 4.620409644607983424e+00
2.791505143698355673e-01 7.269837098382196938e-01
-1.787487753702876603e-01 7.869594609454944489e+00
-7.833693087876580918e-02 7.073833628840915821e+00
-9.767145304966122765e-01 -3.118143868628937998e+00
-3.014370343921563000e-01 -6.578603838298836770e+00
-2.337309726532594834e-01 1.167084009173323622e+01
-4.897470046913320330e-01 -5.275760583236897894e+00
-5.081943065511802526e-01 2.803214492659897861e+00
1.221593467645015529e+00 -1.547042897217944191e+00
8.554520525811242226e-01 -5.078287090360634082e+00
-8.490648393049173848e-01 2.118282245885006354e+00
-8.783618288674677199e-01 5.584828938455605574e+00
1.539735265127611274e+00 -2.221045822240157452e+00
9.338904931745041216e-01 -7.604237422632489363e+00
1.239413267532294860e+00 -3.057153315076186040e+00
-5.124298337277131132e-01 -2.384867772034997557e+00
-2.659778351199793001e-01 -1.187129634804402922e+00
1.142616458437097249e+00 2.131739688882694495e-02
-1.117991125117201445e-02 4.599421270416003793e+00
2.208526625693629786e-01 -5.492408998695671229e+00
3.596609368214602753e+00 -9.566305575749954215e+00
-6.222838740484171183e-01 7.861285537636000242e-01
-2.576006520907435871e+00 1.241462887611612409e+01
2.142586670549517791e+00 -7.454385561358362722e+00
1.991077874616453691e+00 -3.325281632244719177e+00
-3.709737493246121343e-01 -3.112681918133450854e+00
-6.646276341642490815e-01 -6.260763423990533205e+00
-1.207524869487148989e+00 -3.836101186637075333e+00
-1.212557001377654320e+00 6.720496438724848254e+00
-1.083898001182578508e+00 3.790123116003772719e+00
6.305631103201347898e-01 -1.066690835668217829e+01
-1.505425036706973696e+00 1.508955885515060658e+01
4.720745094293462008e-01 -3.679305891461555955e+00
1.088426372738569237e+00 -1.012158548380937884e+00
3.853794861896705504e-01 3.028742476200843581e-01
6.333939519614270042e-01 -3.418609081420173279e+00
-1.223729307873282046e+00 -3.788706586428597145e+00
-5.295309411130929567e-01 -1.702821261551559662e+00
-7.109813586045914402e-01 1.595489829708637508e+00
9.804856799104875176e-01 -6.001352311103197223e+00
2.087096254465026224e+00 -5.677374152030926879e+00
-9.943471770876529670e-01 6.954809789669631925e+00
6.135340765636678739e-01 -3.535534341424645177e+00
-6.396308107293739997e-01 8.435346041130397765e+00
-1.986672174231328691e+00 1.175311661072443137e+01
4.469730228046177034e-01 -5.064669088623825921e+00
-2.128246007115188299e+00 9.505495124868224011e+00
-1.475240265350296287e+00 -8.051619081553591517e-01
9.213192220682789868e-01 -3.541675809733811908e-01
-2.838776157412357115e-01 4.707130636968067106e-01
-8.563369360221273485e-01 1.230123987129459096e+01
-1.173612515214307095e+00 3.482307929754969500e+00
-1.141034204975998279e+00 -6.330551335824988746e-01
-7.283287434971970065e-01 1.141232272936148284e+01
1.616613956405897001e+00 -5.168906174615085725e+00
-1.086927944407214963e-01 3.567540751061034854e+00
-3.326114121793954936e-01 -2.639907372624137771e+00
1.765043342336269916e+00 -6.132916222651523697e+00
6.591219827023011568e-01 -2.695203253272866029e+00
5.722779179901539282e-01 5.843830893734986986e-01
6.683002609142233430e-01 3.944968187788501224e-01
4.812182205724470085e-01 1.203713861669724938e+00
7.825063272667469594e-01 -5.532617584668339639e+00
-1.937738790168472836e-01 -3.957193198053176264e+00
6.481405110442347572e-01 -1.042351056987708979e+01
3.734781538260233402e-01 1.472853463101950311e+00
5.579764744135208288e-01 -9.869429024350586666e-01
3.846531987019312648e-01 -1.347714524033842842e-01
2.542278769789094728e+00 -4.393321352573840599e+00
6.165238750365356069e-01 3.067928652124407574e+00
6.495114587715605792e-01 -4.956325999491553169e+00
1.072245982896155025e-01 3.815195984598175105e+00
1.434193578882325681e-01 3.313087881256347345e+00
1.088168333307246050e+00 -1.453884081545615770e+00
1.217163817500057865e+00 9.988778635207768986e-01
8.335765677584017208e-02 3.694446274992769119e+00
-1.175924892293771507e-01 -3.813609500307131750e+00
-1.515011438684211953e+00 6.169910842936049633e+00
-3.731396228398317083e-01 1.852669684996462340e+00
-4.875557580879170128e-01 3.286090628485401344e-01
-8.016045529647770618e-01 9.766438686447015627e+00
2.482422689371239777e-01 9.718533615416653504e+00
1.188265428136423996e+00 -6.652591353285827402e+00
2.545040257412446660e+00 -5.641289466485649662e+00
-4.705265928293760336e-01 5.402609461143425662e+00
2.573600546854860394e+00 -1.062619600068778070e+01
5.447943076469119461e-02 -5.753654496960345810e+00
-1.850235458515103737e-02 -3.098346650415855219e+00
1.445670466945400801e+00 -4.199695394177502372e+00
-2.878271198153612986e-01 1.849489349010424499e+00
-2.023867163037668948e-01 -1.011337960621601750e+00
-8.197174600538883471e-01 1.029468553737311076e+01
-3.380894819358357672e+00 1.570035702827496493e+01
9.167758895508077988e-01 -5.660845512033589877e+00
1.986358812433389964e+00 1.240807685812962191e+00
-1.694513731536637202e+00 7.311130162754741590e+00
5.043418167218967074e-01 -2.988031118185963564e+00
-1.127422820382050883e+00 5.176779298021627618e+00
5.030347642380227358e-01 -8.967391474469073032e-01
-6.318257372449982423e-01 1.985795876574283358e+00
-3.660182748529157148e-01 3.320349585954539773e+00
-7.285977701806019002e-01 -1.651397143689699476e+00
9.267559173249224624e-01 -4.261560172866982299e+00
9.340829624148516697e-01 -8.603682142999296900e+00
-8.986710674366246709e-02 8.448484904698608799e-01
5.528225819999627033e-01 -7.666367225077021175e+00
1.117183532620005471e+00 -4.109309280303899747e+00
2.190015398773480282e+00 -5.235914320884814899e+00
6.748745633866320981e-01 4.511264407247095320e+00
8.566776278123739985e-01 -6.007787759526556748e+00
1.528140943569441967e+00 6.905086706909607130e+00
4.330626714369038011e-01 2.927749162756893231e+00
1.735323223251115321e+00 -7.354658346304078220e-01
3.297577906012766347e-01 6.515213486741788351e+00
1.473519632960972769e+00 -1.024439851238218679e+01
1.183045621635486322e+00 -5.350948010167175362e+00
-4.705541781299571458e-02 6.816898898980542354e-01
2.015363839668153911e-01 1.780475986050036319e+00
-8.755571221620013223e-01 8.840123868340468150e+00
-1.093531967964072038e+00 -2.501124156321230974e+00
-1.109160806168881130e+00 3.978479775351734027e+00
2.763826299386334284e+00 -7.464483960841555188e+00
-9.836470401093466709e-02 6.844298491260083495e+00
-1.153536999884336112e+00 -5.252926570827440855e-01
-5.397285292545016544e-01 7.403579629402468498e+00
6.282554104253516014e-01 3.570353762641213180e+00
2.374262143464084041e+00 -7.214902427149913144e+00
9.071475422374553066e-02 4.751230488417961251e-01
-9.806889292663928392e-01 -8.464259420430333414e-01
8.087116470918702671e-01 -2.630067403283754324e+00
1.354261522729388600e-01 -5.537641926369134104e+00
-1.168422381929635545e+00 8.527583280673061594e+00
1.157773398034307677e+00 2.496182160298299202e+00
5.209848067810091132e-01 -9.804125608573938777e+00
1.211338115511856550e+00 9.695647586679237762e+00
-7.064604025544412025e-01 3.644706132167975232e-01
-7.680885845630631703e-01 1.723726462998304676e+00
4.871905028160692375e-01 -1.004924674254314709e+01
-1.632854339025817003e+00 5.837431332522592164e+00
-1.687420518715462725e+00 9.196219888315468882e-01
-1.515361883592169168e+00 4.155601835764015206e+00
7.761966105094005863e-01 -6.282385107348279263e+00
-2.699953267669693568e-01 -4.319881401260518672e+00
7.402837217813200699e-01 4.245519468226470750e+00
1.495548893229372345e+00 1.797319170070637684e+00
-8.423455844575108431e-01 1.198931513445307351e+00
-1.913213868669326079e+00 8.801354081865342849e+00
-2.504259354742175425e-01 -2.530937765489894575e-01
2.960719058611746668e+00 -1.230904408772241432e+01
1.575901386752854183e+00 -3.476249243486134954e+00
-4.333867546906639001e-01 4.451514788705519976e+00
-1.838591891217115748e+00 1.818919849724915716e+00
-6.353769175965197080e-01 -1.573283046790071582e+00
-2.271896158748410333e+00 1.190841031878578171e+01
8.805597009143386611e-01 4.147614393216819906e+00
-5.288164441490766920e-02 -1.899996909144188395e+00
7.642030127294609232e-02 1.637118099021665496e-01
-2.438363463910261930e-01 3.899087257451047339e+00
9.594504426252942197e-01 -1.239226192480628974e+01
4.958878787880760530e-01 1.438218971351265418e+00
-1.141500204012520392e+00 4.706074897052165973e+00
-1.534018621740125266e+00 5.035521898030342669e+00
-2.665941120346233983e+00 -1.675382053545609207e+00
-1.496186171426814981e+00 -2.924340261156375131e+00
-6.124623683530651119e-01 -9.012053318152345449e-01
-2.884396270415707342e+00 1.244454184125170926e+01
-4.814958615690397292e-01 -1.517721076985192097e+00
-7.661384075313534270e-01 -5.558720344020563253e+00
-5.492092934042059893e-01 3.149420092149663120e+00
1.780769597488395473e+00 -3.969426641097259179e+00
1.512586302102455482e-01 3.354273223055115771e+00
8.061319046967941881e-01 -6.106263154636219603e+00
-5.062343945989614680e-01 8.231332339257921404e+00
9.227543142543799259e-01 -6.016700110320553740e+00
-1.013252528020288423e+00 -5.524782041020956935e-01
1.135040439588016481e+00 -1.428498026371723206e+01
-5.791383055845509276e-01 -2.167974483251482454e+00
-3.554491719029959085e-01 -2.483238629838875333e-01
-5.742989113600270867e-01 2.838502399524570396e+00
-9.269138000225835006e-01 -5.378140733899451353e-01
8.131255791020702839e-01 -4.177012612541000536e+00
-5.859599532576322822e-01 3.255310310489481385e+00
2.465148010757574060e+00 -6.891485828052416274e+00
2.506170520969927540e-01 -9.703031628649894103e-01
-2.718631722751013058e+00 1.012802490239981523e+01
-1.582312514151704264e+00 5.959613597408306873e+00
1.387125908354575721e+00 -7.324171584678197178e+00
-9.237706093603057500e-01 -2.234420370917233889e-01
1.341111253301580541e+00 3.652097447638483096e+00
-1.112617348303496900e+00 -1.061641364576225932e+00
-2.988596102239570729e-01 -6.331190252910929850e-01
-4.581164309660218370e-01 8.037776349242907514e+00
2.999680589160387267e+00 -1.247209268034111496e+01
-1.254906150013231692e+00 2.204728666013335392e+00
4.510748289046351278e-02 -4.662249310905241195e+00
-1.918069494341522851e+00 3.966064744703887257e+00
8.270071811270385265e-01 -7.790963912746360798e+00
7.372587064640310217e-01 1.128324270649191829e+00
-2.587440927386882583e-01 -2.253720374265224091e+00
1.521167612921901613e+00 2.487610969687158224e+00
6.879752858787124836e-02 -3.871343769783077260e+00
-3.567418958702726628e-01 -3.180078938440160652e-01
1.943889975871806453e+00 1.377896631008531880e+00
-1.604136880095849094e+00 -8.249930252043051748e-01
7.018606627088621597e-01 1.100508781533241276e+00
-1.717943566352691409e+00 1.603808892871188263e+01
1.246743823226005743e+00 -1.059592283577643101e+01
3.855567715005416840e-01 4.824757269698271678e+00
-2.353259617066630616e-01 1.441794747344479655e+00
1.771220954105601209e+00 -6.094322406407669313e+00
1.484795209872469712e+00 -1.079832997204448475e+01
2.029467140391611468e-01 -1.084776604483644880e-01
-4.794789862656061996e-01 5.936554245397740459e-01
-2.776166874051316791e-01 6.142223475187013726e+00
-2.073581838639290131e-01 7.492303711779715769e+00
-2.889125399201100119e-01 -6.768162441191836187e+00
-7.863101141982197229e-01 1.055691483832874233e+01
-4.794304341732102959e-01 5.303112573339392455e+00
-1.282466537398985640e+00 4.589860197780871509e+00
3.155611592330478388e-01 -1.846927612550332221e+00
-2.514007117660694401e+00 5.657810836144334665e+00
8.071881788457322404e-01 -8.707329226471615113e-01
1.091121078362675689e+00 -2.459720416191563341e+00
-4.518417222117115939e-01 6.274873320617893491e+00
-1.010398607037830798e+00 2.764893397579322731e-01
2.100768833329587082e+00 -7.534351797920085581e+00
1.133005928835077447e-01 2.463840465181640127e+00
-3.503190838833634135e-01 -1.459025453936057204e+00
-1.743130282691304211e+00 9.800418440673873022e+00
1.565671975903552671e+00 -6.738638503168335347e+00
4.562883579646694887e-01 -4.417944784531535163e+00
1.859925043683522961e-01 -3.079236302209426013e-01
7.253010951654497163e-01 -2.874015709258450624e+00
5.272957723307545308e-01 2.378075258458987873e-01
-2.124113418684395960e+00 9.875692477019871518e+00
-9.472463627067626568e-01 7.204710713102536745e-01
-5.792449028681970757e-01 6.535887444351757836e+00
-8.398104409446959240e-01 -5.595035898069116165e-01
1.322744015700939579e-01 -2.650219149780807193e+00
1.070365462097866427e-02 -4.812604117154457128e+00
-1.057465355214967762e+00 5.969045099229717266e+00
2.453148637847205604e-01 -5.524355766974569981e+00
1.580802066027407582e+00 -8.238034758368817378e+00
2.482745250393529890e+00 -8.152617993623001880e+00
8.478694095136720676e-01 -4.107689780017894421e+00
1.068557948612776309e+00 -3.478125928778979414e+00
-1.664148435368994594e+00 6.140616706391440971e+00
1.738600950667076539e+00 -8.025135442056408053e-02
1.277934205890163266e+00 -8.989833886417045505e+00
8.295446565540018913e-01 -7.863661862544414127e+00
1.144459025246957751e-01 -5.314563342366838583e+00
-2.071786151041252300e+00 7.691466023412576014e+00
-9.277739457842693049e-01 1.020032209984694349e+00
1.090673618540050960e+00 -6.273878223995386527e+00
1.952272434091953945e-01 -7.545603329786479740e+00
-2.008423178095142259e-01 1.020964748864616034e+01
6.576631189101715957e-01 -5.419052399361728334e+00
-3.535420130542087924e-01 -1.963251935746307408e+00
3.358256134033887896e-01 9.489113147944127746e+00
-1.344700789105576444e+00 -1.857252306316057977e+00
7.544407035044470300e-01 -6.331322784242611190e-01
1.554667560626515455e+00 -6.887874859582037601e+00
-1.362435310276105316e+00 4.949502913202106669e+00
1.020559997195123803e+00 -6.650806713006792492e+00
-5.657825665453450892e-01 8.392914953676907430e+00
5.561749625059032587e-01 -5.656168685647799066e+00
-2.559404374796728221e-01 -2.003602795693606442e+00
9.825045851794124152e-01 1.047874100964079735e+00
-1.634084132876767459e+00 3.510700383825170690e+00
-4.600347982808584701e-01 7.170479263313233043e-01
7.905787069703211767e-01 -6.177153294249839277e+00
1.498943409797813375e+00 -8.347324622448788034e+00
1.595920299337712234e-01 -1.055800233089958073e+00
1.780633315362985858e+00 -5.197754659600476224e+00
1.500836562428282672e-01 -8.047466450918175696e+00
-6.778064921758448769e-01 9.435047900970499057e+00
-1.484694838206771061e+00 6.049469048847153196e+00
-9.447319657992474529e-01 5.260980043582138777e+00
1.383089412256085282e+00 9.230476924713736375e-01
-5.659667281170767117e-01 -3.891491905260932582e-03
-8.193718013391142474e-01 -1.451532035847539204e+00
2.188617974698909396e+00 3.544404594836352285e-01
-5.022925407600795644e-01 -3.343880528180779965e+00
-9.565773757277776790e-01 6.702660409044510104e+00
-2.276416527579218751e+00 3.254583969563269008e+00
-4.978058083596503813e-01 2.088594490318609331e+00
4.608215373598161801e-01 -4.929367835935178022e+00
8.827348526033943488e-01 -1.227897798176992072e+00
-1.117141012428504609e+00 3.333500403065865925e+00
8.230074911510880664e-01 4.804398023831202735e+00
-2.446218624830546196e-01 -1.047207701765599852e+00
7.772285917032948355e-01 -3.919304726754504031e+00
-1.385832991904005329e+00 -2.124106974611263965e+00
-2.459566088357780789e-01 -1.105944165683013236e-01
-1.392567394765823696e+00 2.198899865702881318e+00
-6.397659193569511515e-01 1.822190190686172606e+00
7.156362710748694900e-01 2.060642950071737700e-01
-1.908934088512321381e+00 6.302145802302713484e+00
-1.376072241418503372e-01 2.538453369253600433e-01
9.919575374705932314e-01 -3.286839377886954239e+00
1.202833943987622334e+00 -5.468695047899569062e+00
-2.014754710022662376e+00 3.107534631677951964e+00
1.109184674094042089e+00 -6.454977966774515075e+00
-5.974597568737187725e-01 -1.504408631147052366e+00
-2.575682310407467757e-01 -8.267831545848364883e+00
3.069802621562494060e+00 -8.642599238003290552e+00
-1.476924255818134801e+00 7.255498817368354558e+00
1.052246341956010856e+00 -4.048946141705733304e+00
-5.072192397053605362e-01 -1.095092375207471713e+00
-1.771936201593856897e+00 -2.216447762800265231e+00
1.061122402903679207e-01 -2.692851002719849340e+00
-3.978801414017837934e-01 -2.427536964832581745e+00
-2.447241917418133683e-01 -4.428552566394676759e+00
-1.664714036189351098e+00 1.235977185495488051e+01
-2.619781859925762735e+00 5.790948998122838809e+00
-8.134451023049702467e-01 3.724175186320688891e+00
1.351053643584819941e+00 -1.261895910047948544e+00
-2.391822159416771010e-01 -3.482976534549898417e+00
-2.780848168750058136e+00 1.604433163246826410e+01
3.253007410834873880e-01 -5.722408798220088855e+00
1.169431673524294668e+00 -7.843596869175927466e+00
3.851124371652941969e-01 -7.044838300919748164e+00
9.802303853019833646e-01 -6.043370970966896571e+00
7.973075847043180620e-01 -6.673673099189880276e+00
8.148788691292232489e-01 -8.551077831634989579e+00
-2.602973307261801317e+00 -1.850204355051917382e+00
1.650210109931388391e+00 -4.397006035174220173e+00
-1.373088601646579310e+00 -6.289621626895102180e-01
-2.374146630322371276e+00 8.562002303963435423e+00
-2.214752042166982626e+00 6.145172143431968159e+00
-7.688736995072265046e-01 7.250379171751881735e+00
-2.480927137793375259e+00 3.593546830913014745e+00
-1.797534867241789569e-01 2.838045422937352846e+00
1.434501567285808132e+00 -8.024095969308829623e+00
-9.991453574766309131e-01 -2.537128398307843646e+00
2.526855704085624765e+00 -7.588735682185457243e+00
-7.132773752676536683e-01 8.107724810699753704e+00
1.349831624358245108e+00 5.503789791463378656e+00
-2.907779523005956102e-01 -8.615915680722868730e-02
-1.393050209427074471e+00 4.696428645602879648e+00
1.157366690459751934e+00 -8.076081250670062772e+00
1.174728491918866968e+00 -2.906974303670795123e+00
4.396115167132318424e-01 -3.359473593164656879e+00
-2.025200745650698408e+00 4.224309355349370243e+00
-3.302102707365576206e-01 5.968614248566731284e+00
-1.983397415281363152e+00 1.060686915806933683e+01
-2.867554403884536196e+00 6.007695681207774641e+00
-1.514659611617815038e+00 1.443042251733156256e+00
3.497190641399918754e-01 -2.570297477393914232e+00
5.485086784323639497e-01 -4.793915751472113129e+00
-1.552323564069126860e+00 2.671047511897034710e+00
9.348565711967239400e-01 8.082234790806344105e-01
-7.750200890320901870e-02 4.228849907452877588e+00
-5.428285458884746228e-01 3.727349093886189291e+00
1.184630243456177512e+00 1.288301942581884019e+00
-1.914227921713152814e+00 5.412129630059884455e+00
2.022001581941164083e-01 5.441301821752646539e+00
1.993123110903614270e+00 -3.980027195384851169e+00
-1.118457419180029166e+00 1.588669949904921719e+00
2.019025093436320195e-01 -2.981511906331497652e+00
-8.193068167028854099e-01 2.664343160954007139e+00
-1.127020309256503428e+00 1.520024278502103199e+00
2.609533922052905131e-01 -1.701727743883180377e+00
-4.513766640450859180e-01 3.238770899589551000e+00
7.375780395700181069e-01 9.813027774452899310e-01
-3.177517957008101357e-01 -1.576391523059918143e+00
-1.260502220931036810e+00 6.469601597953636762e+00
2.591556273092825435e+00 -6.949273396675416770e+00
-3.741729757415539481e+00 8.187489669626174305e+00
1.801175074339438353e+00 -3.523280316275171131e+00
-2.167835611781559813e+00 5.627721611633178966e+00
-8.815831681761659988e-01 -4.053245606922022404e+00
-1.953507484527825522e+00 7.690654379553526709e+00
9.474417277568608631e-01 2.996909155399242852e+00
2.649515666766169009e-01 7.456570603722002311e+00
1.207034089159826351e-01 -2.490836641180248723e+00
1.194600134377508116e+00 -7.140334660438333536e+00
5.727176231346700064e-01 -1.511908900974241909e+00
-1.258656755396288407e+00 1.354111779109843638e+01
-1.017293768016570343e+00 -9.673149303484965822e-01
-2.904702841198675278e-01 -2.305523234914046427e+00
1.239103877424664102e+00 -3.389897486195026399e+00
-2.046817043464209007e+00 1.268547247673228995e+01
-5.434759625602855193e-01 6.283637586589847501e+00
3.131156119276427563e-01 -3.700276447950280545e+00
-4.766851736502792924e-01 3.449180980027557908e+00
8.314820740812385313e-01 -6.113523957472637438e-01
-1.040762941962660726e+00 -8.902419367904146341e-03
-1.806502130343672352e+00 3.858277934614054328e+00
2.055661305210276790e-02 -3.801795126739762498e+00
7.092515955827179974e-01 3.587791604125420530e+00
-1.442194717275393057e+00 2.028993167129262698e+00
-1.317888398188146404e+00 4.475681248182900585e-01
1.921631962020940332e+00 -4.061216267201356089e+00
-1.176192644317928693e+00 5.588649432835498310e+00
-3.831116923862674661e-01 -1.530189104839051240e+00
-6.135231522416422223e-01 -1.250345995979004199e+00
-6.587605494494539471e-01 7.668227053033233709e+00
4.188031420409121797e-01 -7.928403236249873309e+00
-2.550241165604034688e+00 1.225559844069272231e+01
1.115960427040707525e+00 -1.355273688894071427e+01
-1.494641460060588400e+00 1.794705257995897973e+00
2.960756683727565175e+00 -9.575472449537878461e+00
-2.539146144148579864e+00 3.884439176553188489e+00
-9.771328044460085849e-01 2.816519808219225540e-02
1.266149384297442726e+00 -3.970989753877363526e+00
2.508146942141211699e+00 -7.662561264358044077e+00
-1.705457870965215506e+00 2.511575379904353866e+00
-7.177715553776946589e-01 4.037886656287100196e-01
-1.183212300658345040e-01 -4.911326497064535168e+00
2.705211556503254844e+00 -8.500377030109616427e+00
9.988035983506302617e-01 -7.158625357274805090e+00
9.630817606939189313e-01 -5.832536391060828329e+00
1.579173517398632987e+00 3.247695210582986824e+00
-5.986135542830113287e-01 1.021782416829094231e+01
1.021449324669111869e+00 -3.184162096291682342e+00
1.652780039149472469e+00 -3.463511352869975024e+00
9.469139387536529284e-02 9.191427903234739016e-02
-1.085010612802515428e+00 1.038027605970993195e+00
-2.535801938038023451e+00 7.659768433225857542e+00
-1.004380327781228210e+00 5.741797609525240986e-01
4.074587556204288252e-01 -5.049955973233057449e+00
-1.725846068699266267e+00 2.758072908914467547e+00
-2.951128418879345877e-02 1.656527252023849150e-01
-1.063448065480885107e+00 1.600175441826337197e+00
6.414032813831131996e-01 1.103112390274636700e+00
3.080917694930584982e-02 4.985730562698003965e+00
-7.403595814651355855e-01 2.431695657576907088e+00
2.617295438019340281e-02 -6.124282787797927341e+00
-2.140392926780628202e-01 3.104603007869782605e+00
-1.032980339171700290e+00 -1.152855802489030523e+00
-1.398593258652789662e-01 -1.169644489254269892e+00
1.517258517389535044e-01 3.845224492747663092e-01
1.119184631079793490e+00 -1.099775036769587011e+01
-1.687246108937911604e+00 1.275536282448272551e+01
9.726232716619006569e-01 -6.803318103869639977e+00
-6.744309826421323040e-01 -1.080471213514238027e+00
-2.102160220437138682e-01 -8.327712382058346519e-01
-7.966044624213801661e-01 1.905666252170296726e+00
3.779707750000679822e-01 -5.583457072402171484e+00
8.848902663201726471e-01 9.725115211909288737e-01
1.426905533090266909e-01 2.858345407648057446e+00
1.371659019862008666e+00 4.181282267783902995e+00
-1.398880397300505951e-01 9.360603158148606440e+00
2.744185316069372327e+00 -2.714856295380877693e+00
1.139899832354662301e+00 -3.446943090196600501e+00
-5.663841903436521719e-01 6.435677947227462781e+00
9.432493189862327654e-01 3.050085281344542043e+00
-8.495519297859445151e-01 6.603842856556709773e-01
-1.335628105164524682e-01 3.862744414178624464e+00
-3.103509819272368131e-01 -2.753887488797020833e+00
-8.175177354030275234e-01 -3.835620192226622649e+00
-1.409045868667299084e+00 7.082391139158151994e+00
5.154390249871040330e-01 5.702407814919710383e+00
-1.190779066243365047e+00 7.450156629269518938e+00
-8.886168550818396294e-01 1.007882600412785212e+00
-8.583943896182426592e-01 -8.502445219689938050e-01
-2.100482562619909732e-01 -3.674077373583829687e+00
-2.402778867407382890e+00 8.689485770791465669e+00
-3.213678910693262836e-02 -8.634249879426690200e+00
-1.864883270771104051e+00 6.841107968810416828e+00
8.766276128386243371e-01 5.610766854739590137e+00
1.831749221183793130e+00 -1.190826300392712866e+01
-9.354968608993510237e-01 8.197791092470257723e+00
-3.502509890670412740e-01 1.948707770611391721e-01
-2.332902054798069891e+00 -1.705324211052663408e+00
3.993236674131244723e-01 1.392952581203532159e+00
1.768366749612153982e-03 1.884675167540158514e-01
1.967696721156290574e+00 -1.334156231542823789e+01
1.400603525441424635e+00 9.820390260406403060e-03
-2.599964909539895785e-01 -5.724366559810947663e+00
1.571221259849822527e+00 -1.374782744965448877e+01
7.334907378620797447e-02 -2.475514054039875234e+00
1.027912363306012100e+00 -6.053059495960747327e+00
5.118256128696574425e-02 -2.065828226316825500e+00
6.054968055275500305e-01 3.149640884444703803e-01
-3.633012168681798437e-01 -4.171825752826512357e+00
7.839805915921731483e-01 3.237640074772690557e+00
-1.478043315706021321e+00 1.213642999973435277e+00
1.644901638909447517e+00 -1.406033877151402045e+01
-8.905059080102772917e-02 1.944494486139348721e+00
-2.012416502084347858e+00 1.334755791916834688e+01
1.305979763643196678e+00 -2.249142542952437207e+00
-1.521204304949294706e+00 6.844415205981173145e+00
1.302471031994293149e+00 4.382805563497194079e+00
1.998804605311061966e-01 7.620600898183068850e+00
-1.282030265896240140e+00 8.534312907495137379e-01
-6.296721375093818907e-01 -1.914628903081869504e+00
1.357612969150004956e+00 -7.168573819869434871e+00
8.976338577844329425e-01 -5.459633822286209082e+00
5.610059267633946689e-01 -1.024403846767337356e+01
-8.031596859502695418e-01 5.446855112751660677e+00
-1.453363088430262018e-01 6.833409115608075624e-01
1.861305974041354894e+00 3.671894806423115498e-01
-1.575222337586073884e+00 -1.416855590691294964e+00
2.831988980763003871e-01 3.423532800696279521e-01
-1.250818043846694039e+00 7.153049450507751317e+00
-1.685639896377890412e-01 7.515713399954051521e-01
-1.729583913212292545e-01 6.979321162607940110e+00
1.210205869795741185e+00 7.011745917675174522e-02
3.185421948492020761e+00 -1.129447351914020992e+01
-1.087886687912398065e+00 5.196122443526485668e+00
8.920327179790032979e-02 -7.181813606228966584e+00
-4.485481834784479371e-01 -1.027422742624384711e+00
3.352591793673281861e-03 1.252121633492031760e+00
2.284572274194684560e+00 -7.730969581965643656e+00
-9.119486433666240677e-01 1.672665173603326894e+00
9.502257690608959528e-01 7.070632925603357322e+00
2.166043159831835041e+00 -6.976472972186606114e+00
7.736381798224136741e-01 -4.012505976876010294e+00
1.491764937473620378e+00 -7.121063798959985647e+00
3.757761840470420500e-01 1.330971512829115078e+00
1.206617219098882643e+00 -6.764156660695734402e+00
-1.900739218232901928e-01 -4.548078375070154777e-01
-1.384543545089801597e+00 -1.148091277422521816e+00
-1.431414390954719007e+00 -8.387968522742401678e-01
1.329945188241355547e+00 6.354716389297052626e-01
-2.663224586287443074e+00 8.045843019086374781e+00
-4.517712848413190097e-01 1.309647208433036392e+00
-3.281381390469435555e-01 7.035690710594186825e+00
5.435613329135996485e-01 -3.280699014190734175e+00
7.927211814788189814e-01 7.751329030400636033e-02
1.431680414513548660e+00 -6.217932079041990079e+00
-1.495177951940898975e+00 9.993917945760825816e+00
8.794334366976294115e-01 5.465432376010697979e+00
-8.194431858302264615e-01 -2.708786175689000597e+00
1.267787636929274653e+00 1.691324770742513417e+00
2.700112099955729317e+00 -8.230968835139449435e-01
4.749185598531531216e-01 -4.347964850819623805e+00
-9.925300101722323021e-02 -5.233019583024938193e+00
2.285282354449240216e+00 -1.068568463687087799e+01
-1.524928263827965758e+00 1.093374323717875907e+00
8.135208657622158834e-02 -1.047059453006287111e+00
-1.781901000734323892e+00 -3.278761026069143103e+00
1.519692481525095840e+00 -2.608210888600213995e+00
-2.724044762905699635e-01 9.167925221238334643e+00
-1.308830509290204835e+00 7.998749893010145939e+00
-1.837053574341111828e+00 1.912884602031450054e+00
6.832942626070230840e-01 -2.715003426864166514e-01
-3.556013727242857136e+00 1.185101245824363581e+01
-8.921466045095406416e-01 1.260931868536087963e+00
-2.334943908825983794e+00 3.178216795844785558e+00
-2.653617954252364686e-01 8.202081904484166686e-02
-1.501524941809226021e+00 1.112700716997627204e+01
1.619469621135900983e+00 -5.432005014737471882e+00
-1.771301870238873866e+00 1.195972342182959025e+01
6.840785888547870064e-01 -3.168195249533717117e+00
1.370379409842766294e-01 4.205937700935505896e-01
-7.453229715810144596e-01 -2.701401345952967881e-01
9.269670568099444563e-02 -1.109062448432670989e+00
3.474702586932139070e-01 -7.446621479749429562e-02
-6.496017916024307004e-01 2.814753232601713950e+00
2.417744718386460878e-01 1.155736894621465716e+01
1.280103061052710212e+00 -7.786513466160672969e+00
-2.669349830801038603e+00 7.417837511498292180e+00
-3.504765586656983789e-01 -5.876614428634923115e+00
-1.020059492769232801e+00 4.879624574556806316e+00
1.947698618854685648e+00 -3.599467191192065485e+00
2.970972776171737495e-01 2.047582237895118062e+00
-9.761671410634790158e-01 -1.990221561172285991e+00
4.383702990947562217e-01 7.070420264256447318e+00
-6.809964563060177944e-01 7.430276518890183368e+00
-6.415718221989407111e-01 -3.062086145219222733e+00
1.933525294119292415e+00 -5.005537768048825775e+00
-5.002647254167289503e-01 9.252146317573213707e+00
-9.263871599173139071e-01 4.889723727923212415e+00
1.275743418763434223e-01 -4.187270641488461287e+00
-7.074741629027408996e-01 -1.994010449801813634e+00
7.333626070029396482e-01 -1.351935675937127490e+00
-4.764463202436993727e-01 1.363245933517834185e+00
-6.025503693519387305e-01 6.277524293684861867e+00
1.815188488002424494e+00 -5.701000317643344140e+00
5.248895151585060148e-01 -3.624611420726033373e+00
1.126539287628334218e+00 -4.403014542403373532e+00
1.083544551382383814e+00 6.743052887934659623e-01
4.176323523020004647e-01 9.081925490069250984e+00
1.702226225195228704e+00 -3.732028980324758383e+00
5.676860503283281956e-01 -2.587026152314382266e-01
1.163508075444997569e+00 -4.442900820293530728e+00
-1.108807970311211921e+00 4.655678264809579581e+00
8.867994752694525751e-01 2.391631904277986109e+00
-1.773370915209059540e+00 6.822693907669675539e+00
-3.422518170779637714e+00 1.448039334062859318e+01
1.314102609809297162e+00 -8.451442349269308707e+00
-1.858997741786028168e+00 8.367063729362111957e+00
2.342479493288392334e+00 -6.260692276457868743e+00
4.324910504562234914e-01 -3.309058433366864449e+00
1.149431575720367249e+00 -4.233135625000885582e+00
-7.785068430697555941e-01 -2.569495113474927095e+00
6.892517913352778081e-01 4.357682225232418993e+00
6.725891010196438646e-02 1.987298042942917453e+00
1.574961195026806093e+00 -8.404053132425735484e+00
-1.500316658908147915e-01 1.405071291853963400e+00
1.201082198436679072e+00 1.935325295197464879e+00
-2.261882837167137783e+00 3.005166573479993719e+00
-1.734184337861082170e+00 3.924497181784738498e+00
4.001006358934805496e-01 5.506021268157490489e+00
1.458389771414139169e+00 -9.810353869516275083e+00
9.329050756870129746e-01 3.168562305671039914e-01
2.376221440046236699e-01 -1.503081305196068085e+00
-8.267857253504332649e-01 -4.698460659713430410e-01
-1.219692318653698093e+00 3.218473026730277020e+00
-1.640247495363122754e+00 5.906700360973662356e+00
3.422431920649509518e+00 -1.529383389343733413e+01
-1.440634952644482825e+00 2.318188712999689205e+00
-2.309014665413746670e+00 7.433006898345030145e+00
-3.584377961061124829e-01 2.144019000935537544e+00
3.079179538399207772e+00 -3.000851472754236138e+00
7.627951492453965976e-01 -5.620077220380652605e+00
2.134813973941154241e-01 7.818442758713252339e+00
1.646966816904315234e+00 -1.093001368819748542e+01
3.034871887904588839e-01 -5.928326027389400288e+00
-1.033329773430002430e+00 1.490817491301104303e+00
-3.478601108744378001e-02 -2.308393209990040162e+00
-1.266970802189068213e+00 -3.398222628835979808e+00
-7.972378898761860455e-01 2.570170158970296548e+00
-1.082586832139416533e+00 1.371770569231630432e+00
-9.641089035161006793e-01 -2.045730458452903910e+00
-9.086615632447958557e-02 6.226042340682459653e+00
1.133433597199936527e-01 -7.261607872239281392e+00
-1.475053232201400499e+00 3.937474118156816250e+00
-7.270630590115880754e-01 -6.231551638402224924e+00
2.990066189396367591e-01 2.033433448525176601e+00
-1.991789866928354580e-01 -3.060189061914399211e+00
2.515694690682983570e-01 -1.686651048554051124e+00
1.002625199302202619e+00 -1.134943764426250556e+00
1.971662004707315508e-01 7.243207323246086959e-02
1.084997491126803215e+00 -4.200810673693532671e+00
7.279660206168995229e-01 -8.638703266658679381e-01
-1.389295035139320289e+00 -1.060464229501514088e+00
-1.790341439988482275e+00 6.029282971416103365e+00
2.432019199801425557e+00 -8.666708640822989196e+00
1.358257326456232761e+00 -4.882073736503210526e+00
-3.100680611493611405e+00 1.303121221198222379e+01
-4.539664073011480672e-01 1.647194700024825043e+00
-1.796033447680037698e-01 4.191937261597491471e-01
1.105607248472232351e+00 3.499728654757327195e+00
1.186394611845543734e-01 5.645644976391190895e+00
-6.632725958090038842e-01 1.028697977286033982e+01
-7.441717510870166086e-01 5.807863692593181248e+00
-1.815140948783260377e-01 3.909438697003706498e+00
5.969556738117521855e-01 6.179628920981923734e+00
-1.644407256227677083e-02 5.568898882642657755e-01
2.964063787788697724e+00 -1.258464155732595735e+01
-3.719333087495532375e+00 1.083156315969510963e+01
1.264984142174935711e+00 1.330273488568680884e+00
-1.084343889742259037e+00 -2.796787318210522955e-01
-1.365520526745242602e+00 1.007973412257190393e+00
-1.548501447251710017e-01 3.762791832289792193e+00
-3.041350025670976898e-01 -7.880027389573112551e+00
-1.317878667900719059e+00 4.041425165223859750e+00
2.760715555972437674e+00 7.242806722591753621e-01
4.403086408318987566e+00 -1.522067073304727458e+01
4.107287293035989384e-01 1.943817474759213848e+00
-1.361736938493315341e+00 2.414877180772284415e+00
-4.308914027864412688e+00 1.243004726041888475e+01
-1.764942853151228785e+00 1.262485960081471781e+01
-1.232421416932678371e+00 -3.806985928520610907e-01
-3.410691890589891084e+00 1.033334515395566378e+01
1.595070346119459526e+00 -5.087786920206091246e+00
-1.182068636973637066e+00 -4.359894745659482318e+00
-5.388680981500338918e-01 -3.055836706661140934e+00
3.573308733524742653e-01 5.448636241313530526e+00
-1.915204961329324829e-01 -2.615217744563723024e+00
-1.637462526895851478e-01 3.138880533791401639e+00
-2.238864441864732768e+00 2.418399676072235938e-02
-5.861765038026020003e-01 2.236382405117921301e+00
-3.600852159390679486e-01 2.804968551019682899e+00
3.504605956492887753e-01 -2.763520264019088124e+00
1.629435364483842186e-01 6.677694756630647710e+00
-4.358643437420474109e-01 3.033313255879680259e+00
-3.815631775741634701e-02 5.423657510888790334e+00
8.811026960998443736e-01 -8.941919151023800083e+00
-9.836689938715889037e-01 2.596834005507439702e+00
-9.684009435732928717e-01 1.212067886366216207e+00
-5.323358967041611489e-01 -3.922526247256544973e+00
4.139760397649345780e-01 -2.074548158964448774e+00
-3.510370649079327166e+00 8.028415357351187609e+00
-8.937660566474645574e-01 9.277474540907729050e+00
-6.118561556814583469e-01 -1.779061174693103098e+00
2.204768914870196550e+00 -3.849267728859282922e+00
8.187995089367170465e-01 -6.120114849476594010e+00
-2.928014171087275352e-01 -3.062456145322244860e-01
8.757056632265662888e-01 -1.131781755425470326e+00
3.557911711103478036e-01 2.010369249681247528e+00
-3.064096578787062208e-01 -2.083588007719394120e-01
5.174120743629240238e-01 -7.024701935607394532e+00
-1.976207383471957568e+00 7.798007800672453804e+00
-2.372042440352495341e-03 3.297924966195539209e+00
-2.121465564495284006e+00 5.559167081308677538e+00
1.005605514473235429e+00 -4.238194752703303259e+00
-1.675026428247988530e+00 4.708061454486910158e+00
-2.361037713289458218e+00 3.871898012809466216e+00
1.712091887410984503e+00 -8.387803679645383648e-01
-3.030708343658534698e-01 3.150134384137715848e+00
-2.238136358456245478e+00 8.016769569653183769e-01
4.917521534004736239e-01 3.511721926819046935e+00
-1.212248454521420271e+00 5.723026986449312403e+00
2.561126666604285340e-02 -9.765316144187567104e+00
1.172953039659339725e+00 -7.369063386379830050e+00
2.025840179690657994e+00 -2.378169114573556620e+00
-4.163475008148501688e-01 -3.413913252277505972e+00
4.755826168187445857e-01 2.170397283499692076e+00
-2.431444073081044266e+00 3.747245875143544236e+00
1.569391314764732259e+00 -7.039503918734253851e+00
1.622072523937351463e+00 -5.452442757379709626e+00
-2.290926326523268219e+00 1.334719521840045253e+01
